基线: n=80 median_fr=0.5251 FP=0.7278 (up/down/both/none=123/46/0/58) n_bars=227

== 好坏组对比 (bad=fr bottom20 / good=fr top20;AUC>0.5=值大→坏) ==
feature             bad_med  good_med    AUC rho_all    rho_p
max_drop_tr           1.850     0.532  0.728  -0.242   0.0308
max_drop_pct          0.109     0.038  0.723  -0.219   0.0507
max_bear_body_atr     1.350     0.751  0.719  -0.224   0.0454
max_drop_atr          1.462     0.577  0.713  -0.215    0.055
bear_count            2.000     1.000  0.701  -0.179    0.111
max_consec_bear       2.000     1.000  0.685  -0.166    0.141
max_consec_down       1.000     0.500  0.685  -0.137    0.226
dd_close             -0.105    -0.033  0.367   0.092    0.415
revert_pct           -0.105    -0.033  0.367   0.092    0.415
max_body_ratio        0.744     0.633  0.627  -0.087    0.444
rev_days              4.000     2.000  0.619  -0.062    0.586
down_slope            0.050     0.010  0.615  -0.109    0.335
dd_low               -0.251    -0.207  0.403   0.006    0.959
slope_ratio           0.291     0.049  0.595  -0.110    0.331
up_days               6.000     5.000  0.589  -0.042    0.714
dd_vs_up             -0.107    -0.041  0.420   0.074    0.515
anchor_margin         0.439     0.475  0.445   0.135    0.233
up_pct                0.773     0.767  0.540  -0.001     0.99
atr                   0.253     0.271  0.470   0.063    0.579
max_upper_atr         0.554     0.669  0.487   0.061     0.59
max_upper_ratio       0.435     0.475  0.490   0.071    0.529
up_slope              0.158     0.142  0.500   0.035     0.76

== 阈值过滤扫描(按 median 提升排序;top15;drop_mean_fr=被删样本平均fr) ==
feature            op       t drop     med      fp drop_mfr  drop_x
max_bear_body_atr  >=   1.557   20  0.5737  0.7623    0.743   0.210
anchor_margin      <=   0.268   20  0.5737  0.7087    0.424   0.258
max_bear_body_atr  >=   1.786   16  0.5588  0.7581    0.862   0.210
anchor_margin      <=   0.238   16  0.5588  0.6818    0.414   0.258
anchor_margin      <=   0.317   24  0.5588  0.6939    0.506   0.327
anchor_margin      <=   0.363   28  0.5588  0.7111    0.531   0.360
max_drop_pct       >=   0.205    8  0.5588  0.7834    0.078   0.073
max_drop_tr        >=   1.389   32  0.5588  0.7755    0.797   0.273
max_drop_tr        >=   1.547   28  0.5588  0.7647    0.826   0.209
bear_count         >=   1.500   40  0.5536  0.7179    0.715   0.422
bear_count         >=   2.000   40  0.5536  0.7179    0.715   0.422
dd_low             <=  -0.341   16  0.5535  0.7692    0.638   0.209
dd_close           <=  -0.287    8  0.5535  0.7834    0.208   0.126
dd_close           <=  -0.224   12  0.5535  0.7778    0.333   0.172
revert_pct         <=  -0.287    8  0.5535  0.7834    0.208   0.126

== 最差 20 样本(fr 升序) ==
symbol     fr outcome  dd_low  dd_vs_up  max_drop_tr  max_consec_bear  max_bear_body_atr  max_upper_atr  slope_ratio  anchor_margin  revert_pct
  BURU -0.135    weak  -0.482    -0.097        6.000                3              1.786          0.568        0.487          1.604      -0.294
  ELBM -0.082    weak  -0.816    -0.161        8.889                5              6.579          1.091        0.484          0.397      -0.766
  BEAT -0.019    weak  -0.144     0.044        3.058                2              2.937          0.957       -0.044          0.736       0.030
 NVNXF  0.005    weak  -0.300    -0.118        2.075                2              2.576          0.752        0.706          1.000      -0.151
  BRNS  0.016    weak  -0.395    -0.087        1.600                1              0.489          0.408        0.349          0.760      -0.081
   SSP  0.022    weak  -0.057     0.033        1.619                1              1.046          1.690       -0.082          0.634       0.034
  ANIX  0.023    weak  -0.078    -0.055        1.625                2              1.366          0.455        0.082          0.218      -0.018
  RKDA  0.033    weak  -0.344    -0.467        3.741                2              1.607          0.495        0.561          0.138      -0.286
  FOCL  0.037    weak  -0.182    -0.116        1.533                2              1.130          1.130        0.175          0.456      -0.087
  GIPR  0.051    weak  -0.407    -0.432        2.368                2              2.327          0.354        1.943          0.026      -0.312
  CATO  0.054    weak  -0.077    -0.056        0.722                1              0.534          0.534        0.450          0.346      -0.030
  ANVS  0.059    weak  -0.105     0.190        0.000                1              0.235          0.539       -1.712          0.900       0.178
  FEAM  0.060    weak  -0.202     0.765        0.000                1              0.498          0.267       -3.061          0.496       0.210
  HOWL  0.076    weak  -0.319    -0.206        1.571                3              1.185          0.415        0.961          0.200      -0.123
  MYSE  0.080    weak  -0.149    -0.299        2.373                1              1.787          0.752        1.196          0.244      -0.130
  YCBD  0.094    weak  -0.482    -0.153        6.087                3              1.334          1.898        0.204          0.422      -0.396
  CNET  0.149    weak  -0.041    -0.015        0.050                1              0.077          0.270        0.105          0.244      -0.005
  RENT  0.154    weak  -0.035     0.044        0.000                0              0.000          1.289       -0.667          0.863       0.036
    NB  0.158   break  -0.395    -0.377        3.519                2              1.871          0.440        0.377          0.167      -0.317
   GWH  0.186    weak  -0.674    -0.117        6.826                3              6.782          3.093        0.233          1.742      -0.497